314.66251762801363 -31.819805153394668 1.0
35.0 35.0 1.0
152.0279579551077 10.606601717798199 1.0
35.0 35.0 1.0
109.60155108391487 173.24116139070412 1.0
35.0 35.0 1.0
272.2361107568208 130.81475451951127 1.0
35.0 35.0 1.0
212.13203435596427 70.71067811865473 1.0
20.0 20.0 1.0
212.13203435596427 70.71067811865473 1.0
180.0 120.0 1.0
212.13203435596427 70.71067811865473 1.0
110.0 50.0 1.0
212.13203435596427 70.71067811865473 1.0,212.13203435596424 -183.84776310850236 1.0,134.35028842544403 -106.06601717798213 1.0
212.13203435596427 70.71067811865473 1.0,-42.426406871192846 70.71067811865476 1.0,35.35533905932736 -7.071067811865467 1.0
0.0