3.5514757175273243e-14 -6.523955054579081e-30 1.0
35.0 35.0 1.0
84.99999999999996 -145.0 1.0
35.0 35.0 1.0
-8.878689293818311e-14 -290.0 1.0
35.0 35.0 1.0
-85.00000000000004 -145.0 1.0
35.0 35.0 1.0
-2.6636067881454933e-14 -145.0 1.0
20.0 20.0 1.0
-2.6636067881454933e-14 -145.0 1.0
180.0 120.0 1.0
-2.6636067881454933e-14 -145.0 1.0
110.0 50.0 1.0
-2.6636067881454933e-14 -145.0 1.0,180.0 34.99999999999996 1.0,180.0 -75.0000000000001 1.0
-2.6636067881454933e-14 -145.0 1.0,179.99999999999991 -325.0 1.0,180.0 -215.00000000000006 1.0
630.0